[white-wood.jpg]
filters=radblur=1,0.500000,0.500000,0.134503,-0.555556;
moddate=0000bd5c40d40000
width=700
height=400
textactive=0
